56729875333539561996296839415645286462625671174334615477477939283229586467798324
84689174151918261551689221756165598898428736782194511627829355718493723961323272
13645251798747135138188194688352824861161125865619981299863268266874968358851536
29469944158523371967184762191621249788365373489245919571888279297534178849421338
44664636969742547717228255739959316351852731598292529837885992781815131876183578
46113579131528713524354165985373434337661841995277616554482971767698889768414132
81383483828826996729578661465247598792365559357236553267437135429316934778242892
83542468639522271643257212833248165391957686226311246517978319253977276663825479
14432115571286694625599263487615882285538233145264995328378886324819233824594396
62691974214745557791351686372632795798428853471522872756798115765943765352261678
94981226866222987522415785244875882556414956724976341627123557214837873872723618
39552973534927324168654828754976399365337953944543531969882546528981766329443645
81948672786239787459817992837892375552427282913375384986169298172682116986492366
46127899982839523784837752863458819965485149812959121884771849954723259365778151
78871994188812861855245587936991951131973552562119818563434253884846246183333291
79862974453885157174631685151237324555761434474548358495657577733253674697633837
57677938748319968971312267871619951657267913817242485559771582167295794259441256
28416835629278556885852718412223126246519361212796168551391383527482389259692378
66132997473472592548235312621853282743675292658688565121851353296526359383732667
59964119863494798222245536758792389789818646655287856173534479551364115976811459
67712359274737529631366725341369882365521825416819616288343738971816774387121637
31648654264587942394962248589716948771595912157729383968274352897341658539752675
21291574436567193473814247981877735223376964125359992555885137816647382139596646
85641742461784798185553291487225168671939434176432439525455678227742632633144198
17375572625817624125448496894722816458359576672173843344353915729852282865375743
88834835693416821419655967456137395465649249256572866516984318344482684936625486
311718525523265165
